N_min: 650  N_max: 750   N_step: 10  N_toys: 10000
Execution time = 1411.223s


    N||C. H1   |C. H0   |Valid   |T0       |Power
-----++--------+--------+--------+---------+-----------
  650||0.653   |0.690   |0.987   |31.621   |0.848100
  660||0.657   |0.689   |0.987   |31.732   |0.855200
  670||0.657   |0.690   |0.987   |31.784   |0.865000
  680||0.657   |0.688   |0.988   |31.792   |0.873900
  690||0.657   |0.685   |0.984   |31.657   |0.885800
  700||0.655   |0.684   |0.985   |31.636   |0.893800
  710||0.660   |0.683   |0.985   |31.552   |0.904100
  720||0.657   |0.681   |0.985   |31.779   |0.908800
  730||0.662   |0.681   |0.986   |31.639   |0.917300
  740||0.661   |0.683   |0.988   |31.717   |0.921800
