N_min: 700  N_max: 710   N_step: 1  N_toys: 100
Execution time = 27.315s


    N||C. H1   |C. H0   |Valid   |T0       |Power
-----++--------+--------+--------+---------+-----------
  700||0.657   |0.667   |0.990   |32.617   |0.919192
  701||0.653   |0.633   |0.980   |33.872   |0.908163
  702||0.672   |0.640   |1.000   |33.357   |0.900000
  703||0.667   |0.620   |1.000   |33.082   |0.910000
  704||0.665   |0.660   |1.000   |33.563   |0.920000
  705||0.649   |0.636   |0.990   |31.687   |0.929293
  706||0.657   |0.646   |0.990   |33.095   |0.929293
  707||0.667   |0.620   |1.000   |32.028   |0.930000
  708||0.677   |0.640   |1.000   |33.544   |0.900000
  709||0.675   |0.650   |1.000   |33.043   |0.910000
