Model: g
N_min: 200  N_max: 3200   N_step: 200  N_toys: 1000
Execution time = 687.969s


    N||C. H1   |C. H0   |Valid   |T0       |Power
-----++--------+--------+--------+---------+-----------
  200||0.760   |0.758   |0.940   |26.500   |0.000000
  400||0.650   |0.664   |0.988   |27.762   |0.004049
  600||0.665   |0.655   |0.994   |27.976   |0.019115
  800||0.678   |0.662   |0.999   |27.385   |0.054054
 1000||0.677   |0.671   |0.994   |27.108   |0.114688
 1200||0.672   |0.670   |0.995   |27.057   |0.187940
 1400||0.665   |0.666   |0.992   |26.994   |0.308468
 1600||0.672   |0.673   |0.993   |26.644   |0.422961
 1800||0.675   |0.674   |0.995   |26.696   |0.538693
 2000||0.669   |0.670   |0.992   |26.672   |0.650202
 2200||0.678   |0.678   |0.994   |26.384   |0.768612
 2400||0.682   |0.678   |0.992   |26.990   |0.833669
 2600||0.679   |0.679   |0.997   |26.552   |0.912738
 2800||0.677   |0.683   |0.993   |26.439   |0.945619
 3000||0.671   |0.682   |0.991   |26.314   |0.963673
