Model: g
N_min: 2550  N_max: 2650   N_step: 10  N_toys: 5000
Execution time = 2479.609s


    N||C. H1   |C. H0   |Valid   |T0       |Power
-----++--------+--------+--------+---------+-----------
 2550||0.675   |0.674   |0.993   |26.552   |0.883004
 2560||0.677   |0.673   |0.994   |26.078   |0.896177
 2570||0.677   |0.673   |0.994   |26.449   |0.891125
 2580||0.677   |0.674   |0.994   |26.528   |0.889537
 2590||0.677   |0.675   |0.993   |26.268   |0.897844
 2600||0.677   |0.675   |0.993   |26.402   |0.897704
 2610||0.675   |0.675   |0.993   |26.388   |0.900141
 2620||0.676   |0.675   |0.991   |26.263   |0.905146
 2630||0.677   |0.675   |0.994   |26.098   |0.910445
 2640||0.675   |0.675   |0.993   |26.204   |0.912351
