Model: g
N_min: 2550  N_max: 2660   N_step: 10  N_toys: 10000
Execution time = 6788.356s


    N||C. H1   |C. H0   |Valid   |T0       |Power
-----++--------+--------+--------+---------+-----------
 2550||0.676   |0.673   |0.994   |26.281   |0.896326
 2560||0.677   |0.673   |0.994   |26.094   |0.902324
 2570||0.677   |0.673   |0.994   |26.308   |0.900574
 2580||0.677   |0.675   |0.994   |26.340   |0.899889
 2590||0.677   |0.674   |0.992   |26.168   |0.906883
 2600||0.677   |0.675   |0.992   |26.208   |0.905717
 2610||0.676   |0.675   |0.993   |26.137   |0.910299
 2620||0.677   |0.675   |0.991   |26.201   |0.911100
 2630||0.677   |0.675   |0.993   |26.088   |0.916205
 2640||0.676   |0.675   |0.992   |26.128   |0.917347
 2650||0.676   |0.675   |0.993   |26.188   |0.918337
