N_min: 50  N_max: 1000   N_step: 50  N_toys: 1000
Execution time = 292.565s


    N||C. H1   |C. H0   |Valid   |T0       |Power
-----++--------+--------+--------+---------+-----------
   50||0.764   |0.784   |0.749   |30.356   |0.000000
  100||0.778   |0.787   |0.861   |32.377   |0.001000
  150||0.771   |0.788   |0.942   |28.755   |0.012000
  200||0.759   |0.781   |0.947   |32.089   |0.028000
  250||0.717   |0.775   |0.974   |31.327   |0.086000
  300||0.694   |0.743   |0.973   |31.958   |0.166000
  350||0.656   |0.731   |0.983   |31.219   |0.288000
  400||0.655   |0.703   |0.980   |30.741   |0.427000
  450||0.653   |0.702   |0.988   |31.047   |0.534000
  500||0.655   |0.694   |0.986   |32.112   |0.599000
  550||0.653   |0.691   |0.986   |31.628   |0.718000
  600||0.651   |0.692   |0.988   |31.716   |0.783000
  650||0.656   |0.686   |0.990   |31.530   |0.857000
  700||0.654   |0.685   |0.987   |32.285   |0.895000
  750||0.672   |0.677   |0.988   |31.173   |0.934000
  800||0.661   |0.675   |0.982   |32.010   |0.950000
  850||0.660   |0.667   |0.988   |31.510   |0.972000
  900||0.662   |0.661   |0.988   |32.161   |0.979000
  950||0.665   |0.675   |0.987   |32.653   |0.986000
