Model: g
N_min: 2500  N_max: 2600   N_step: 10  N_toys: 1000
Execution time = 498.220s


    N||C. H1   |C. H0   |Valid   |T0       |Power
-----++--------+--------+--------+---------+-----------
 2500||0.676   |0.680   |0.991   |26.527   |0.887992
 2510||0.676   |0.680   |0.995   |26.378   |0.886432
 2520||0.678   |0.682   |0.993   |26.259   |0.891239
 2530||0.677   |0.682   |0.996   |26.245   |0.894578
 2540||0.677   |0.676   |0.992   |26.167   |0.904234
 2550||0.675   |0.678   |0.988   |26.651   |0.899798
 2560||0.673   |0.678   |0.995   |26.278   |0.904523
 2570||0.676   |0.675   |0.991   |26.522   |0.903128
 2580||0.676   |0.678   |0.990   |26.821   |0.900000
 2590||0.678   |0.678   |0.994   |26.477   |0.908451
