Model: f
N_min: 700  N_max: 755   N_step: 5  N_toys: 10000
Execution time = 1853.458s


    N||C. H1   |C. H0   |Valid   |T0       |Power
-----++--------+--------+--------+---------+-----------
  700||0.654   |0.685   |0.985   |31.669   |0.893198
  705||0.655   |0.687   |0.986   |31.779   |0.897272
  710||0.660   |0.683   |0.985   |31.578   |0.904182
  715||0.659   |0.684   |0.987   |31.617   |0.906548
  720||0.655   |0.680   |0.985   |31.788   |0.909063
  725||0.658   |0.682   |0.986   |31.799   |0.912854
  730||0.661   |0.682   |0.986   |31.679   |0.916819
  735||0.660   |0.684   |0.986   |31.888   |0.916607
  740||0.661   |0.684   |0.988   |31.746   |0.921785
  745||0.660   |0.684   |0.986   |32.016   |0.922203
  750||0.663   |0.685   |0.984   |31.744   |0.927548
