N_min: 700  N_max: 710   N_step: 1  N_toys: 20000
Execution time = 2837.776s


    N||C. H1   |C. H0   |Valid   |T0       |Power
-----++--------+--------+--------+---------+-----------
  700||0.660   |0.689   |0.985   |31.573   |0.896177
  701||0.660   |0.688   |0.986   |31.626   |0.895687
  702||0.660   |0.690   |0.985   |31.549   |0.897588
  703||0.660   |0.688   |0.986   |31.657   |0.897101
  704||0.660   |0.689   |0.985   |31.613   |0.899528
  705||0.660   |0.689   |0.986   |31.753   |0.898449
  706||0.660   |0.690   |0.987   |31.724   |0.899828
  707||0.661   |0.689   |0.985   |31.703   |0.901309
  708||0.661   |0.690   |0.985   |31.782   |0.900665
  709||0.661   |0.687   |0.986   |31.699   |0.902156
