Model: g
N_min: 2500  N_max: 2600   N_step: 10  N_toys: 5000
Execution time = 2265.668s


    N||C. H1   |C. H0   |Valid   |T0       |Power
-----++--------+--------+--------+---------+-----------
 2500||0.676   |0.673   |0.992   |26.276   |0.875202
 2510||0.675   |0.674   |0.994   |26.261   |0.877641
 2520||0.674   |0.675   |0.993   |26.226   |0.878550
 2530||0.677   |0.674   |0.994   |26.407   |0.876081
 2540||0.677   |0.673   |0.991   |26.192   |0.886804
 2550||0.675   |0.674   |0.993   |26.552   |0.883004
 2560||0.677   |0.673   |0.994   |26.078   |0.896177
 2570||0.677   |0.673   |0.994   |26.449   |0.891125
 2580||0.677   |0.674   |0.994   |26.528   |0.889537
 2590||0.677   |0.675   |0.993   |26.268   |0.897844
